
A =

     0     1     1     1     1     1     1     0     0     0     0
     1     0     0     0     0     0     0     0     0     0     0
     1     0     0     0     0     0     0     0     0     1     0
     1     0     0     0     1     0     0     0     0     1     0
     1     0     0     1     0     1     0     1     0     0     0
     1     0     0     0     1     0     0     1     0     0     0
     1     0     0     0     0     0     0     0     0     0     0
     0     0     0     0     1     1     0     0     1     0     0
     0     0     0     0     0     0     0     1     0     0     0
     0     0     1     1     0     0     0     0     0     0     1
     0     0     0     0     0     0     0     0     0     1     0


G =

         0    1.0000    0.5000    0.3333    0.2500    0.3333    1.0000         0         0         0         0
    0.1667         0         0         0         0         0         0         0         0         0         0
    0.1667         0         0         0         0         0         0         0         0    0.3333         0
    0.1667         0         0         0    0.2500         0         0         0         0    0.3333         0
    0.1667         0         0    0.3333         0    0.3333         0    0.3333         0         0         0
    0.1667         0         0         0    0.2500         0         0    0.3333         0         0         0
    0.1667         0         0         0         0         0         0         0         0         0         0
         0         0         0         0    0.2500    0.3333         0         0    1.0000         0         0
         0         0         0         0         0         0         0    0.3333         0         0         0
         0         0    0.5000    0.3333         0         0         0         0         0         0    1.0000
         0         0         0         0         0         0         0         0         0    0.3333         0


autovalori =

    1.0000         0         0         0         0         0         0         0         0         0         0
         0    0.7640         0         0         0         0         0         0         0         0         0
         0         0    0.5774         0         0         0         0         0         0         0         0
         0         0         0    0.2241         0         0         0         0         0         0         0
         0         0         0         0   -0.8824         0         0         0         0         0         0
         0         0         0         0         0   -0.7255         0         0         0         0         0
         0         0         0         0         0         0   -0.5774         0         0         0         0
         0         0         0         0         0         0         0   -0.3802         0         0         0
         0         0         0         0         0         0         0         0   -0.0000         0         0
         0         0         0         0         0         0         0         0         0    0.0000         0
         0         0         0         0         0         0         0         0         0         0   -0.0000


autovettori =

   -0.6124   -0.0521   -0.7385   -0.2314    0.6272    0.3765    0.7385    0.0708    0.0000    0.0000   -0.0000
   -0.1021   -0.0114   -0.2132   -0.1721   -0.1185   -0.0865   -0.2132   -0.0310   -0.4453    0.4161    0.3412
   -0.2041   -0.2634    0.0000   -0.2283   -0.3212    0.0441   -0.0000   -0.1304    0.3699    0.5333   -0.0747
   -0.3062   -0.1727    0.0000    0.4857   -0.3307    0.1606   -0.0000    0.3644   -0.5318   -0.1023   -0.5885
   -0.4082    0.2772   -0.0000    0.6400    0.0335   -0.3382   -0.0000   -0.7525    0.0000    0.0000    0.0000
   -0.3062    0.3086   -0.0000    0.2539   -0.1622   -0.2735    0.0000    0.5011    0.5318    0.1023    0.5885
   -0.1021   -0.0114   -0.2132   -0.1721   -0.1185   -0.0865   -0.2132   -0.0310    0.2603   -0.6828   -0.3038
   -0.3062    0.5255    0.3693   -0.1936    0.0905    0.6606   -0.3693   -0.0425   -0.0000   -0.0000    0.0000
   -0.1021    0.2293    0.2132   -0.2880   -0.0342   -0.3036    0.2132    0.0373   -0.1773   -0.0341   -0.1962
   -0.3062   -0.5776    0.3693   -0.0378    0.5367   -0.2842   -0.3693    0.1133   -0.0000   -0.0000   -0.0000
   -0.1021   -0.2520    0.2132   -0.0562   -0.2028    0.1306    0.2132   -0.0994   -0.0077   -0.2326    0.2335